  0.5000000E+02  0.4421000E-03
  0.6000000E+02  0.3724000E-03
  0.7000000E+02  0.6664000E-03
  0.8000000E+02  0.7867000E-03
  0.9000000E+02  0.1201400E-02
  0.1000000E+03  0.1100900E-02
  0.1100000E+03  0.1477700E-02
  0.1200000E+03  0.1796400E-02
  0.1300000E+03  0.2395300E-02
  0.1400000E+03  0.2606100E-02
  0.1500000E+03  0.3450700E-02
  0.1600000E+03  0.4295100E-02
  0.1700000E+03  0.5001800E-02
  0.1800000E+03  0.6020900E-02
  0.1900000E+03  0.6722100E-02
  0.2000000E+03  0.7235400E-02
  0.2100000E+03  0.8181100E-02
  0.2200000E+03  0.9769000E-02
  0.2300000E+03  0.1070170E-01
  0.2400000E+03  0.1198360E-01
  0.2500000E+03  0.1392040E-01
  0.2600000E+03  0.1606340E-01
  0.2700000E+03  0.1822760E-01
  0.2800000E+03  0.1995410E-01
  0.2900000E+03  0.2138720E-01
  0.3000000E+03  0.2288980E-01
  0.3100000E+03  0.2700520E-01
  0.3200000E+03  0.3173940E-01
  0.3300000E+03  0.3118750E-01
  0.3400000E+03  0.3515610E-01
  0.3500000E+03  0.3836940E-01
  0.3600000E+03  0.4490830E-01
  0.3700000E+03  0.5782050E-01
  0.3800000E+03  0.4931310E-01
  0.3900000E+03  0.5143890E-01
  0.4000000E+03  0.5660710E-01
  0.4100000E+03  0.5883810E-01
  0.4200000E+03  0.6396150E-01
  0.4300000E+03  0.7087460E-01
  0.4400000E+03  0.7282960E-01
  0.4500000E+03  0.8216030E-01
  0.4600000E+03  0.1048744E+00
  0.4700000E+03  0.1048891E+00
  0.4800000E+03  0.1110371E+00
  0.4900000E+03  0.1123266E+00
  0.5000000E+03  0.1097496E+00
  0.5100000E+03  0.1139943E+00
  0.5200000E+03  0.1226722E+00
  0.5300000E+03  0.1294273E+00
  0.5400000E+03  0.1498786E+00
  0.5500000E+03  0.1577111E+00
  0.5600000E+03  0.1642331E+00
  0.5700000E+03  0.1613088E+00
  0.5800000E+03  0.1664821E+00
  0.5900000E+03  0.1765778E+00
  0.6000000E+03  0.1883968E+00
  0.6100000E+03  0.1991556E+00
  0.6200000E+03  0.2051425E+00
  0.6300000E+03  0.2216245E+00
  0.6400000E+03  0.2243458E+00
  0.6500000E+03  0.2475417E+00
  0.6600000E+03  0.2514787E+00
  0.6700000E+03  0.2675699E+00
  0.6800000E+03  0.2875095E+00
  0.6900000E+03  0.2890149E+00
  0.7000000E+03  0.2988755E+00
  0.7100000E+03  0.3191666E+00
  0.7200000E+03  0.3276505E+00
  0.7300000E+03  0.3351755E+00
  0.7400000E+03  0.3563692E+00
  0.7500000E+03  0.3819403E+00
  0.7600000E+03  0.3792328E+00
  0.7700000E+03  0.3951913E+00
  0.7800000E+03  0.4277921E+00
  0.7900000E+03  0.4257157E+00
  0.8000000E+03  0.4340070E+00
  0.8100000E+03  0.4461949E+00
  0.8200000E+03  0.4739658E+00
  0.8300000E+03  0.4953876E+00
  0.8400000E+03  0.5019374E+00
  0.8500000E+03  0.5097604E+00
  0.8600000E+03  0.5240183E+00
  0.8700000E+03  0.5460506E+00
  0.8800000E+03  0.5657135E+00
  0.8900000E+03  0.5812754E+00
  0.9000000E+03  0.6071499E+00
  0.9100000E+03  0.6430171E+00
  0.9200000E+03  0.6786684E+00
  0.9300000E+03  0.6826747E+00
  0.9400000E+03  0.6826340E+00
  0.9500000E+03  0.7044830E+00
  0.9600000E+03  0.7239976E+00
  0.9700000E+03  0.7840027E+00
  0.9800000E+03  0.7951457E+00
  0.9900000E+03  0.8642046E+00
  0.1000000E+04  0.9401200E+00
  0.1010000E+04  0.9634494E+00
  0.1020000E+04  0.9322112E+00
  0.1030000E+04  0.9200986E+00
  0.1040000E+04  0.9723805E+00
